# Plane projection data from avgpos - ASCII matrix format
# Grid resolution: 72 x 49
# Original data X range (e): 1.0000000000e+01 to 3.0000000000e+01 (width: 2.0000000000e+01 Å)
# Original data Y range (f): 5.0000000000e+00 to 1.0000000000e+01 (width: 5.0000000000e+00 Å)
# Display X range (e): 0.0000000000e+00 to 2.0000000000e+01 (shifted by 1.0000000000e+01 Å)
# Display Y range (f): 0.0000000000e+00 to 5.0000000000e+00 (shifted by 5.0000000000e+00 Å)
# Z values (g): signed distance from plane (Å)
# Data format: 49 rows x 72 columns
# Interpolation: RBF (thin_plate, smooth=1e-10)
#
5.9911393668e-02 2.2337157454e-02 -2.6796477792e-02 -8.0995271310e-02 -1.3108163170e-01 -1.7072975284e-01 -1.9652657173e-01 -2.0627131362e-01 -1.9742103184e-01 -1.6790038712e-01 -1.2133412847e-01 -6.7054838841e-02 -1.3226589635e-02 3.5631394672e-02 7.7754288679e-02 1.1290619982e-01 1.4154395921e-01 1.6435988282e-01 1.8206150873e-01 1.9527564520e-01 2.0451565089e-01 2.1018237723e-01 2.1258236450e-01 2.1195346006e-01 2.0849298861e-01 2.0238727108e-01 1.9384379060e-01 1.8312918032e-01 1.7061596957e-01 1.5681727017e-01 1.4224304712e-01 1.2684451672e-01 1.0971579965e-01 8.9237935561e-02 6.2702835057e-02 2.6143034080e-02 -2.2165206439e-02 -7.6334989464e-02 -1.2710453037e-01 -1.6784145375e-01 -1.9494113380e-01 -2.0617307444e-01 -1.9905826983e-01 -1.7131683914e-01 -1.2590225993e-01 -7.1923073310e-02 -1.7827488856e-02 3.1565337299e-02 7.4303638973e-02 1.1005850828e-01 1.3924960103e-01 1.6255989083e-01 1.8069978893e-01 1.9430359445e-01 2.0389312927e-01 2.0987686669e-01 2.1256728341e-01 2.1220615043e-01 2.0899257538e-01 2.0311237238e-01 1.9476989750e-01 1.8422540242e-01 1.7184118566e-01 1.5812052732e-01 1.4359263094e-01 1.2828218580e-01 1.1135018777e-01 9.1244792077e-02 6.5378287758e-02 2.9837902567e-02 -1.7571513844e-02 -7.1616321934e-02
7.3393622188e-02 3.7626377036e-02 -1.2790436089e-02 -7.0340638933e-02 -1.2447728061e-01 -1.6854777249e-01 -1.9908585071e-01 -2.1377114851e-01 -2.0936492854e-01 -1.8191271494e-01 -1.3461631658e-01 -7.8521044114e-02 -2.2648652244e-02 2.8206569548e-02 7.2125966421e-02 1.0879156506e-01 1.3864547230e-01 1.6240792691e-01 1.8083084027e-01 1.9458635708e-01 2.0422840231e-01 2.1019287874e-01 2.1281696479e-01 2.1236639569e-01 2.0906543097e-01 2.0312823103e-01 1.9479315227e-01 1.8436421068e-01 1.7226797256e-01 1.5912626022e-01 1.4566711186e-01 1.3197516093e-01 1.1709980790e-01 9.9401244258e-02 7.5919303646e-02 4.1379860770e-02 -7.9327813655e-03 -6.5343515576e-02 -1.2012158525e-01 -1.6525049302e-01 -1.9706544293e-01 -2.1323381093e-01 -2.1066774726e-01 -1.8527282271e-01 -1.3930637477e-01 -8.3557700949e-02 -2.7424801594e-02 2.3975694490e-02 6.8531727929e-02 1.0582572692e-01 1.3625734378e-01 1.6053480253e-01 1.7941228141e-01 1.9356980753e-01 2.0357041209e-01 2.0985818439e-01 2.1277662571e-01 2.1259559050e-01 2.0954113510e-01 2.0382674670e-01 1.9568726918e-01 1.8541951779e-01 1.7343750846e-01 1.6034570399e-01 1.4688430990e-01 1.3323164552e-01 1.1850802933e-01 1.0114093079e-01 7.8334889578e-02 4.5000206868e-02 -3.1310934564e-03 -6.0297633579e-02
8.5250077012e-02 5.1478099031e-02 -4.7003712461e-04 -6.1343987758e-02 -1.1905648152e-01 -1.6687022079e-01 -2.0142103460e-01 -2.2044184422e-01 -2.2024286256e-01 -1.9455074368e-01 -1.4603443406e-01 -8.8108350401e-02 -3.0454951744e-02 2.2048243758e-02 6.7424093020e-02 1.0531413588e-01 1.3615680669e-01 1.6069641757e-01 1.7971991079e-01 1.9393434003e-01 2.0392439149e-01 2.1015245806e-01 2.1297913847e-01 2.1269192454e-01 2.0953647304e-01 2.0374916475e-01 1.9559253191e-01 1.8539821988e-01 1.7362924304e-01 1.6098826619e-01 1.4844315790e-01 1.3622497861e-01 1.2329101608e-01 1.0805208982e-01 8.7502803858e-02 5.5175998681e-02 4.6384980133e-03 -5.6034441381e-02 -1.1437483942e-01 -1.6322741858e-01 -1.9902762396e-01 -2.1950650667e-01 -2.2121812187e-01 -1.9790485639e-01 -1.5087011830e-01 -9.3299629922e-02 -3.5377712764e-02 1.7683921669e-02 6.3714565827e-02 1.0225321794e-01 1.3369256789e-01 1.5876310193e-01 1.7825366384e-01 1.9287956197e-01 2.0323512638e-01 2.0979137786e-01 2.1291551686e-01 2.1289927864e-01 2.0999010902e-01 2.0442359355e-01 1.9645851838e-01 1.8641890338e-01 1.7475384790e-01 1.6214111565e-01 1.4954616547e-01 1.3732461101e-01 1.2450296680e-01 1.0954929230e-01 8.9653518402e-02 5.8712079853e-02 9.6753445723e-03 -5.0681955961e-02
9.4861255429e-02 6.3321314004e-02 9.5578434120e-03 -5.4383321492e-02 -1.1498362121e-01 -1.6569742809e-01 -2.0335652969e-01 -2.2587303705e-01 -2.2949359233e-01 -2.0525101399e-01 -1.5507328133e-01 -9.5484704536e-02 -3.6420534432e-02 1.7323660239e-02 6.3778228858e-02 1.0257420841e-01 1.3415451099e-01 1.5928311173e-01 1.7877205278e-01 1.9335197393e-01 2.0362758893e-01 2.1007843340e-01 2.1308069223e-01 2.1293700811e-01 2.0990854361e-01 2.0424807654e-01 1.9623570948e-01 1.8622168284e-01 1.7468863693e-01 1.6237963295e-01 1.5051017041e-01 1.3947551498e-01 1.2806569429e-01 1.1480357820e-01 9.6848114511e-02 6.6951403996e-02 1.4933344897e-02 -4.8808293128e-02 -1.1004479829e-01 -1.6178674919e-01 -2.0066973760e-01 -2.2460358891e-01 -2.3014593603e-01 -2.0866318179e-01 -1.6006193299e-01 -1.0080393170e-01 -4.1454623610e-02 1.2861099879e-02 5.9984490820e-02 9.9443532442e-02 1.3163364829e-01 1.5730397009e-01 1.7726835140e-01 1.9226606219e-01 2.0291188829e-01 2.0969429598e-01 2.1299622759e-01 2.1312460987e-01 2.1034235439e-01 2.0490135030e-01 1.9707783808e-01 1.8721433903e-01 1.7577933665e-01 1.6348586446e-01 1.5152003620e-01 1.4044995707e-01 1.2912236919e-01 1.1610041560e-01 9.8745454925e-02 7.0381267105e-02 2.0228408557e-02 -4.3192499665e-02
1.0149998874e-01 7.2351960329e-02 1.6517572543e-02 -4.9826427152e-02 -1.1240050567e-01 -1.6502543374e-01 -2.0472885262e-01 -2.2962904130e-01 -2.3630826950e-01 -2.1319124972e-01 -1.6118360762e-01 -1.0035944265e-01 -4.0364775756e-02 1.4162053203e-02 6.1287145611e-02 1.0064821778e-01 1.3269734199e-01 1.5821292101e-01 1.7802159557e-01 1.9286553262e-01 2.0335800472e-01 2.0998574925e-01 2.1313226776e-01 2.1310843693e-01 2.1018482649e-01 2.0462472903e-01 1.9671952104e-01 1.8683043361e-01 1.7544748543e-01 1.6331265300e-01 1.5185277018e-01 1.4164731126e-01 1.3124352254e-01 1.1930718506e-01 1.0326585654e-01 7.5881143698e-02 2.2140887602e-02 -4.4061102866e-02 -1.0728837813e-01 -1.6093685267e-01 -2.0184526489e-01 -2.2812125887e-01 -2.3665802634e-01 -2.1674283680e-01 -1.6629999972e-01 -1.0576522494e-01 -4.5468630146e-02 9.6396975814e-03 5.7442433813e-02 9.7474789726e-02 1.3014068459e-01 1.5620335850e-01 1.7649146237e-01 1.9175618670e-01 2.0262118971e-01 2.0958228922e-01 2.1302976314e-01 2.1327871878e-01 2.1060139270e-01 2.0526010679e-01 1.9754232911e-01 1.8780165872e-01 1.7651448464e-01 1.6439274557e-01 1.5279196716e-01 1.4253600731e-01 1.3219634779e-01 1.2046565248e-01 1.0495908087e-01 7.9157278672e-02 2.7687498259e-02 -3.8255089165e-02
1.0444416085e-01 7.7148410266e-02 1.9549743774e-02 -4.7963921432e-02 -1.1140816548e-01 -1.6484963235e-01 -2.0541539387e-01 -2.3133695969e-01 -2.3954442982e-01 -2.1704888037e-01 -1.6388341356e-01 -1.0252103765e-01 -4.2164353370e-02 1.2649619737e-02 6.0016397845e-02 9.9587196146e-02 1.3182512395e-01 1.5751705608e-01 1.7749324665e-01 1.9249475073e-01 2.0313139122e-01 2.0988677651e-01 2.1314321228e-01 2.1321274899e-01 2.1036919381e-01 2.0488050929e-01 1.9704339966e-01 1.8722397814e-01 1.7591395080e-01 1.6384059780e-01 1.5252910384e-01 1.4269931899e-01 1.3270325716e-01 1.2130468959e-01 1.0609865699e-01 8.0485713260e-02 2.5311608428e-02 -4.2110717122e-02 -1.0621803998e-01 -1.6068192279e-01 -2.0244478347e-01 -2.2972082712e-01 -2.3970907376e-01 -2.2076488792e-01 -1.6905826254e-01 -1.0795922672e-01 -4.7291707917e-02 8.1081473545e-03 5.6155360341e-02 9.6399087039e-02 1.2925433246e-01 1.5549311064e-01 1.7594818065e-01 1.9137004070e-01 2.0237909090e-01 2.0946800289e-01 2.1302572908e-01 2.1336839513e-01 2.1077134390e-01 2.0550148312e-01 1.9785158846e-01 1.8818023882e-01 1.7696599917e-01 1.6490891129e-01 1.5342495811e-01 1.4354911834e-01 1.3361156796e-01 1.2240425964e-01 1.0769520866e-01 8.3546688720e-02 3.1006521143e-02 -3.6217444857e-02
1.0329172921e-01 7.4841798423e-02 1.8127735231e-02 -4.8930969151e-02 -1.1205061807e-01 -1.6516759975e-01 -2.0536097766e-01 -2.3081308838e-01 -2.3827913647e-01 -2.1547621670e-01 -1.6292778473e-01 -1.0187302435e-01 -4.1763577581e-02 1.2825832631e-02 5.9996663222e-02 9.9415783130e-02 1.3155804453e-01 1.5721251399e-01 1.7720173281e-01 1.9225257971e-01 2.0295907662e-01 2.0979119713e-01 2.1312149795e-01 2.1325617083e-01 2.1046614651e-01 2.0501830461e-01 1.9720895851e-01 1.8740380494e-01 1.7609455426e-01 1.6401583702e-01 1.5264399971e-01 1.4261934046e-01 1.3239479629e-01 1.2068147608e-01 1.0499307936e-01 7.8317896144e-02 2.3830083110e-02 -4.3106552968e-02 -1.0688296803e-01 -1.6102340757e-01 -2.0241923907e-01 -2.2923789581e-01 -2.3852814478e-01 -2.1908577155e-01 -1.6806359623e-01 -1.0728334044e-01 -4.6866119632e-02 8.3068448475e-03 5.6154511218e-02 9.6241474213e-02 1.2899508051e-01 1.5519043415e-01 1.7565338477e-01 1.9112070364e-01 2.0219704863e-01 2.0936125839e-01 2.1299224855e-01 2.1340002414e-01 2.1085686887e-01 2.0562851597e-01 1.9800733622e-01 1.8835150917e-01 1.7713948100e-01 1.6507711824e-01 1.5355277912e-01 1.4348118532e-01 1.3332149335e-01 1.2181023177e-01 1.0664123449e-01 8.1526432798e-02 2.9460590230e-02 -3.7245006851e-02
9.8243810533e-02 6.7295286079e-02 1.2517226758e-02 -5.2662394570e-02 -1.1430690662e-01 -1.6598039655e-01 -2.0459121637e-01 -2.2814431407e-01 -2.3299854335e-01 -2.0921924927e-01 -1.5842799804e-01 -9.8452370770e-02 -3.9179155148e-02 1.4681832126e-02 6.1223064024e-02 1.0013185080e-01 1.3189640866e-01 1.5730192049e-01 1.7715171110e-01 1.9214514003e-01 2.0284793363e-01 2.0970597568e-01 2.1307369218e-01 2.1324458527e-01 2.1048077315e-01 2.0504242477e-01 1.9721976759e-01 1.8737249046e-01 1.7598869932e-01 1.6381263616e-01 1.5213782259e-01 1.4141539094e-01 1.3034462841e-01 1.1749501422e-01 1.0012517959e-01 7.0899412557e-02 1.8010010910e-02 -4.6976471243e-02 -1.0925978206e-01 -1.6196065048e-01 -2.0179152650e-01 -2.2675013079e-01 -2.3351347622e-01 -2.1264883165e-01 -1.6344177420e-01 -1.0377772306e-01 -4.4209707102e-02 1.0226395198e-02 5.7434678558e-02 9.6999562658e-02 1.2936299537e-01 1.5529773623e-01 1.7561155375e-01 1.9101417879e-01 2.0208188424e-01 2.0926902506e-01 2.1293593323e-01 2.1337955496e-01 2.1086312986e-01 2.0564558670e-01 1.9801321469e-01 1.8831816946e-01 1.7703485219e-01 1.6487717224e-01 1.5309584384e-01 1.4233817631e-01 1.3135088870e-01 1.1873688217e-01 1.0195240687e-01 7.4300534550e-02 2.3423935423e-02 -4.1257762883e-02
8.9955219648e-02 5.6541109945e-02 3.5262295878e-03 -5.8914777124e-02 -1.1809492548e-01 -1.6729197124e-01 -2.0320612829e-01 -2.2364737494e-01 -2.2489422888e-01 -1.9978065552e-01 -1.5079101842e-01 -9.2420610950e-02 -3.4497903089e-02 1.8161241624e-02 6.3655568350e-02 1.0170677379e-01 1.3282086164e-01 1.5777373497e-01 1.7733795520e-01 1.9217187301e-01 2.0280048450e-01 2.0963541787e-01 2.1300497870e-01 2.1318352663e-01 2.1041873135e-01 2.0495858863e-01 1.9708140077e-01 1.8713406468e-01 1.7559134395e-01 1.6317190896e-01 1.5092368700e-01 1.3912016520e-01 1.2665322182e-01 1.1196098718e-01 9.2082849033e-02 6.0224343558e-02 8.7645429376e-03 -5.3453039482e-02 -1.1325700541e-01 -1.6349061007e-01 -2.0065097103e-01 -2.2254355361e-01 -2.2571726719e-01 -2.0311260125e-01 -1.5564268267e-01 -9.7615092705e-02 -3.9413354716e-02 1.3808494564e-02 5.9954626574e-02 9.8643802092e-02 1.3033794731e-01 1.5580282976e-01 1.7581695565e-01 1.9104954881e-01 2.0203589301e-01 2.0919548276e-01 2.1286190754e-01 2.1331249829e-01 2.1079577335e-01 2.0555840687e-01 1.9787482617e-01 1.8808450183e-01 1.7664856427e-01 1.6425904346e-01 1.5195380086e-01 1.4014610261e-01 1.2779366559e-01 1.1338490162e-01 9.4158265906e-02 6.3755775006e-02 1.3929717643e-02 -4.7961625415e-02
7.9178495627e-02 4.3531451694e-02 -8.0139174934e-03 -6.7338354238e-02 -1.2328531076e-01 -1.6910684297e-01 -2.0135724537e-01 -2.1774655558e-01 -2.1489259187e-01 -1.8812591968e-01 -1.4054852268e-01 -8.4032558652e-02 -2.7868132958e-02 2.3163243215e-02 6.7220429431e-02 1.0408633606e-01 1.3429308142e-01 1.5860281978e-01 1.7774581917e-01 1.9232589177e-01 2.0281513958e-01 2.0958131271e-01 2.1291922673e-01 2.1307820137e-01 2.1028624917e-01 2.0477396632e-01 1.9680171622e-01 1.8669540757e-01 1.7490112752e-01 1.6206894263e-01 1.4899741495e-01 1.3580198562e-01 1.2148504180e-01 1.0440588445e-01 8.1569831956e-02 4.7276410846e-02 -3.0218483653e-03 -6.2157426542e-02 -1.1873121444e-01 -1.6560672005e-01 -1.9913337453e-01 -2.1700868017e-01 -2.1603128276e-01 -1.9143206782e-01 -1.4523680253e-01 -8.9065140355e-02 -3.2631457339e-02 1.8949261721e-02 6.3638609990e-02 1.0111841528e-01 1.3188031583e-01 1.5667951198e-01 1.7625412057e-01 1.9121933662e-01 2.0205709217e-01 2.0914217177e-01 2.1277388364e-01 2.1320395068e-01 2.1066093211e-01 2.0537405354e-01 1.9759997748e-01 1.8765758775e-01 1.7598048681e-01 1.6319934228e-01 1.5012132430e-01 1.3696540473e-01 1.2280449553e-01 1.0606103949e-01 8.3915821393e-02 5.0909371321e-02 1.9119571298e-03 -5.6946598170e-02
6.6579718945e-02 2.8907206975e-02 -2.1434391265e-02 -7.7551877413e-02 -1.2971965661e-01 -1.7142668706e-01 -1.9921850893e-01 -2.1086658936e-01 -2.0362714123e-01 -1.7488683130e-01 -1.2822536865e-01 -7.3597590297e-02 -1.9487254722e-02 2.9547295995e-02 7.1812494010e-02 1.0719223101e-01 1.3625692981e-01 1.5975137177e-01 1.7835197596e-01 1.9259452640e-01 2.0288656330e-01 2.0954315229e-01 2.1281910305e-01 2.1293352868e-01 2.1009013624e-01 2.0449724566e-01 1.9639123921e-01 1.8606793621e-01 1.7392733708e-01 1.6051818042e-01 1.4640830916e-01 1.3156884730e-01 1.1505375072e-01 9.5212011821e-02 6.9230927162e-02 3.2708261711e-02 -1.6665323577e-02 -7.2683384289e-02 -1.2550802182e-01 -1.6829710293e-01 -1.9739523996e-01 -2.1054437799e-01 -2.0508881617e-01 -1.7822366566e-01 -1.3277125161e-01 -7.8451453683e-02 -2.4068317787e-02 2.5504327173e-02 6.8378800686e-02 1.0434294164e-01 1.3393216368e-01 1.5788851313e-01 1.7689859601e-01 1.9151006725e-01 2.0213960145e-01 2.0910822401e-01 2.1267428189e-01 2.1305864060e-01 2.1046523750e-01 2.0510102603e-01 1.9719901637e-01 1.8704880095e-01 1.7504012154e-01 1.6171029806e-01 1.4764532518e-01 1.3289652254e-01 1.1658593829e-01 9.7128878389e-02 7.1846740164e-02 3.6429678600e-02 -1.1935677421e-02 -6.7780787629e-02
5.2711847318e-02 1.3156582230e-02 -3.6216973222e-02 -8.9190885194e-02 -1.3722692048e-01 -1.7424651963e-01 -1.9696081157e-01 -2.0337984603e-01 -1.9155419524e-01 -1.6052461238e-01 -1.1428748692e-01 -6.1447037207e-02 -9.5887606731e-03 3.7138627267e-02 7.7298131760e-02 1.1092409046e-01 1.3864004584e-01 1.6117020958e-01 1.7912542469e-01 1.9296005384e-01 2.0300615654e-01 2.0951841983e-01 2.1270621962e-01 2.1275419360e-01 2.0983779022e-01 2.0413867905e-01 1.9586348282e-01 1.8526885517e-01 1.7269276110e-01 1.5856330153e-01 1.4324093157e-01 1.2656375776e-01 1.0760598811e-01 8.4775157488e-02 5.5613053220e-02 1.7014502551e-02 -3.1645147536e-02 -8.4648264923e-02 -1.3340074600e-01 -1.7154235395e-01 -1.9559068326e-01 -2.0350596134e-01 -1.9334991790e-01 -1.6393864515e-01 -1.1872124799e-01 -6.6116396441e-02 -1.3964037242e-02 3.3294710197e-02 7.4038345020e-02 1.0821431718e-01 1.3641886050e-01 1.5937880840e-01 1.7771797850e-01 1.9190302122e-01 2.0227414529e-01 2.0909066620e-01 2.1256438921e-01 2.1288098873e-01 2.1021582849e-01 2.0474928490e-01 1.9668511392e-01 1.8627493922e-01 1.7384941790e-01 1.5983237890e-01 1.4460684671e-01 1.2807535484e-01 1.0937376991e-01 8.6969396875e-02 5.8489789572e-02 2.0819860064e-02 -2.7092691865e-02 -8.0063720479e-02
3.8037483979e-02 -3.3204967040e-03 -5.1949722470e-02 -1.0192763543e-01 -1.4563428099e-01 -1.7755091663e-01 -1.9473486636e-01 -1.9559367507e-01 -1.7902323899e-01 -1.4540304039e-01 -9.9136726609e-02 -4.7913420814e-02 1.5688291533e-03 4.5733622803e-02 8.3518526393e-02 1.1516197851e-01 1.4135586387e-01 1.6280040873e-01 1.8002875616e-01 1.9340059742e-01 2.0316264033e-01 2.0950293394e-01 2.1258130777e-01 2.1254470392e-01 2.0953718310e-01 2.0371006786e-01 1.9523507251e-01 1.8432160506e-01 1.7123325523e-01 1.5626907586e-01 1.3960446012e-01 1.2095594018e-01 9.9406621533e-02 7.3480264304e-02 4.1178861808e-02 5.9955109646e-04 -4.7549419748e-02 -9.7711970302e-02 -1.4222262289e-01 -1.7531298635e-01 -1.9385536965e-01 -1.9618958430e-01 -1.8116627709e-01 -1.4893401726e-01 -1.0349084304e-01 -5.2399710387e-02 -2.5827205845e-03 4.2112519592e-02 8.0454761364e-02 1.1260941791e-01 1.3925113697e-01 1.6108928480e-01 1.7867321164e-01 1.9237516468e-01 2.0244866120e-01 2.0908478213e-01 2.1244454626e-01 2.1267517390e-01 2.0992034303e-01 2.0433023390e-01 1.9607437114e-01 1.8535865142e-01 1.7244261135e-01 1.5762682603e-01 1.4111092186e-01 1.2266439082e-01 1.0142312185e-01 7.5956989338e-02 4.4306248789e-02 4.4900261155e-03 -4.3148460101e-02 -9.3443655484e-02
2.2955840126e-02 -2.0177658893e-02 -6.8290544721e-02 -1.1547263581e-01 -1.5477154497e-01 -1.8131033192e-01 -1.9266226398e-01 -1.8775615751e-01 -1.6631711045e-01 -1.2982705282e-01 -8.3122666016e-02 -3.3320918028e-02 1.3709601251e-02 5.5104439274e-02 9.0293127725e-02 1.1976930812e-01 1.4430604417e-01 1.6457527559e-01 1.8101966203e-01 1.9389117478e-01 2.0334272019e-01 2.0949123354e-01 2.1244440831e-01 2.1230944204e-01 2.0919681396e-01 2.0322465352e-01 1.9452560556e-01 1.8325550644e-01 1.6959561308e-01 1.5371515722e-01 1.3562471171e-01 1.1493144468e-01 9.0727014547e-02 6.1691149285e-02 2.6329462371e-02 -1.6186570166e-02 -6.4035827713e-02 -1.1157662932e-01 -1.5179176146e-01 -1.7956646766e-01 -1.9229765751e-01 -1.8883508832e-01 -1.6882092723e-01 -1.3350967534e-01 -8.7428557100e-02 -3.7629403012e-02 9.7954985995e-03 5.1725739552e-02 8.7443451007e-02 1.1738801845e-01 1.4232755631e-01 1.6295075422e-01 1.7972013652e-01 1.9290023544e-01 2.0264899354e-01 2.0908451860e-01 2.1231435238e-01 2.1244519604e-01 2.0958687897e-01 2.0385661638e-01 1.9538568424e-01 1.8432813082e-01 1.7086438529e-01 1.5516965514e-01 1.3727893516e-01 1.1684334231e-01 9.2997047105e-02 6.4448293451e-02 2.9698305038e-02 -1.2205450430e-02 -5.9760973676e-02 -1.0761502224e-01
7.8242458731e-03 -3.7099674022e-02 -8.4940481087e-02 -1.2956697028e-01 -1.6446993530e-01 -1.8547730697e-01 -1.9083234044e-01 -1.8006755964e-01 -1.5367760962e-01 -1.1406732191e-01 -6.6558111108e-02 -1.7984045417e-02 2.6544020388e-02 6.5002466958e-02 9.7423179701e-02 1.2459618121e-01 1.4738331303e-01 1.6642265210e-01 1.8205266694e-01 1.9440486425e-01 2.0353180505e-01 2.0947698616e-01 2.1229506693e-01 2.1205270418e-01 2.0882561970e-01 2.0269690144e-01 1.9375724158e-01 1.8210478583e-01 1.6783479011e-01 1.5099096982e-01 1.3143748192e-01 1.0868470195e-01 8.1836525104e-02 4.9748353722e-02 1.1424171549e-02 -3.3025481103e-02 -8.0804307609e-02 -1.2597741674e-01 -1.6192997297e-01 -1.8424366715e-01 -1.9099502513e-01 -1.8163549575e-01 -1.5655407120e-01 -1.1793221596e-01 -7.0844874288e-02 -2.2121174873e-02 2.2878242318e-02 6.1881697475e-02 9.4801221255e-02 1.2239616465e-01 1.4553740092e-01 1.6488830523e-01 1.8081127532e-01 1.9344995503e-01 2.0285964584e-01 2.0908291643e-01 2.1217287727e-01 2.1219492822e-01 2.0922391646e-01 2.0334231251e-01 1.9464036104e-01 1.8321622554e-01 1.6916732004e-01 1.5254665276e-01 1.3324219643e-01 1.1080075069e-01 8.4357934858e-02 5.2778871686e-02 1.5026815603e-02 -2.8944635891e-02 -7.6629269928e-02 -1.2230758287e-01
-7.0259849035e-03 -5.3785881033e-02 -1.0162322059e-01 -1.4397077301e-01 -1.7455656346e-01 -1.8998227865e-01 -1.8930231390e-01 -1.7269216579e-01 -1.4132390366e-01 -9.8378764389e-02 -4.9734337372e-02 -2.2117497138e-03 3.9769008763e-02 7.5160606371e-02 1.0469539275e-01 1.2948320702e-01 1.5047472064e-01 1.6826754484e-01 1.8308105460e-01 1.9491404940e-01 2.0371474891e-01 2.0945339961e-01 2.1213252383e-01 2.1177872134e-01 2.0843284081e-01 2.0214218124e-01 1.9295406591e-01 1.8090720999e-01 1.6601099293e-01 1.4819126723e-01 1.2718279305e-01 1.0241142072e-01 7.2996626101e-02 3.7970570293e-02 -3.2044121390e-03 -4.9613856078e-02 -9.7576515593e-02 -1.4067006819e-01 -1.7245704377e-01 -1.8926451864e-01 -1.8999356141e-01 -1.7474764189e-01 -1.4458163461e-01 -1.0245304684e-01 -5.4028488419e-02 -6.1831858702e-03 3.6360743890e-02 7.2309166598e-02 1.0230988484e-01 1.2747001927e-01 1.4876398518e-01 1.6682398818e-01 1.8189782100e-01 1.9399532675e-01 2.0306455878e-01 2.0907254613e-01 2.1201886768e-01 2.1192815185e-01 2.0884019856e-01 2.0280203990e-01 1.9386152395e-01 1.8205916622e-01 1.6740914386e-01 1.4984902145e-01 1.2913635205e-01 1.0472691454e-01 7.5761366437e-02 4.1263616085e-02 6.2543180775e-04 -4.5421338339e-02 -9.3473046423e-02 -1.3727294993e-01
-2.1278197437e-02 -6.9936594604e-02 -1.1806780937e-01 -1.5845018138e-01 -1.8484558202e-01 -1.9472879743e-01 -1.8809889399e-01 -1.6576866743e-01 -1.2946703660e-01 -8.3016675004e-02 -3.2935695932e-02 1.3684810529e-02 5.3064735452e-02 8.5294663004e-02 1.1188599654e-01 1.3426591023e-01 1.5346533486e-01 1.7003507445e-01 1.8405894451e-01 1.9539168735e-01 2.0387657744e-01 2.0941361669e-01 2.1195588791e-01 2.1149165860e-01 2.0802784533e-01 2.0157636004e-01 1.9214129015e-01 1.7970252101e-01 1.6418685874e-01 1.4541219020e-01 1.2299988794e-01 9.6302738803e-02 6.4456748209e-02 2.6656851083e-02 -1.7239517450e-02 -6.5650042513e-02 -1.1407861976e-01 -1.5541730481e-01 -1.8318160380e-01 -1.9452280265e-01 -1.8930889981e-01 -1.6830182422e-01 -1.3310973321e-01 -8.7324238856e-02 -3.7261471402e-02 9.8756948655e-03 4.9922226299e-02 8.2719406756e-02 1.0974018194e-01 1.3244030342e-01 1.5188841651e-01 1.6867983223e-01 1.8293179292e-01 1.9450796431e-01 2.0324787440e-01 2.0904592612e-01 2.1185093866e-01 2.1164857125e-01 2.0844457246e-01 2.0225097228e-01 1.9307335675e-01 1.8089508946e-01 1.6565003017e-01 1.4716951290e-01 1.2509649245e-01 9.8808039465e-02 6.7451655082e-02 3.0198188164e-02 -1.3189063071e-02 -6.1331898271e-02 -1.1001563832e-01 -1.5227047437e-01
-3.4622851264e-02 -8.5241190878e-02 -1.3399221714e-01 -1.7276328154e-01 -1.9512639422e-01 -1.9958827899e-01 -1.8722048054e-01 -1.5941855181e-01 -1.1832182716e-01 -6.8252541843e-02 -1.6454459505e-02 2.9381317589e-02 6.6088570362e-02 9.5104535361e-02 1.1876556279e-01 1.3877988700e-01 1.5624239514e-01 1.7165374557e-01 1.8494345125e-01 1.9581252892e-01 2.0400315811e-01 2.0935107296e-01 2.1176428727e-01 2.1119559235e-01 2.0761991886e-01 2.0101533433e-01 1.9134435850e-01 1.7853081472e-01 1.6242482450e-01 1.4274775377e-01 1.1902286971e-01 9.0540366467e-02 5.6450991426e-02 1.6088023553e-02 -3.0373039971e-02 -8.0822614038e-02 -1.3002496334e-01 -1.6997453970e-01 -1.9388900679e-01 -1.9988021486e-01 -1.8892780854e-01 -1.6240973677e-01 -1.2234632452e-01 -7.2813995675e-02 -2.0834541953e-02 2.5734711580e-02 6.3219221486e-02 9.2806827251e-02 1.1685644139e-01 1.3713750800e-01 1.5479383408e-01 1.7038119870e-01 1.8386829464e-01 1.9496137757e-01 2.0339464243e-01 2.0899590259e-01 2.1166774050e-01 2.1135980643e-01 2.0804579825e-01 2.0170429946e-01 1.9230025890e-01 1.7976249412e-01 1.6395005568e-01 1.4459898088e-01 1.2125287135e-01 9.3221364489e-02 5.9658300104e-02 1.9859914093e-02 -2.6110009047e-02 -7.6364188881e-02 -1.2596786829e-01 -1.6705268998e-01
-4.6753801009e-02 -9.9367632576e-02 -1.4908555030e-01 -1.8664437293e-01 -2.0514863879e-01 -2.0439501216e-01 -1.8663987355e-01 -1.5375223408e-01 -1.0811609382e-01 -5.4390831006e-02 -6.0750116245e-04 4.4525498741e-02 7.8466821386e-02 1.0427632901e-01 1.2510507937e-01 1.4286689300e-01 1.5869995886e-01 1.7305904262e-01 1.8569681321e-01 1.9615419947e-01 2.0408177063e-01 2.0925980008e-01 2.1155699050e-01 2.1089446737e-01 2.0721803186e-01 2.0047452950e-01 1.9058802369e-01 1.7743096135e-01 1.6078473376e-01 1.4028673463e-01 1.1537690639e-01 8.5292445499e-02 4.9195051952e-02 6.5264421401e-03 -4.2302178366e-02 -9.4800714412e-02 -1.4510043368e-01 -1.8407410796e-01 -2.0432583553e-01 -2.0516044084e-01 -1.8881044227e-01 -1.5717039077e-01 -1.1251000276e-01 -5.9222783917e-02 -5.0642177875e-03 4.1046437690e-02 7.5876295009e-02 1.0225044299e-01 1.2342251016e-01 1.4139807646e-01 1.5737016067e-01 1.7186048637e-01 1.8466776536e-01 1.9533211891e-01 2.0349142242e-01 2.0891597169e-01 2.1146809485e-01 2.1106536525e-01 2.0765233560e-01 2.0117675581e-01 1.9156596738e-01 1.7869872844e-01 1.6236687689e-01 1.4222332532e-01 1.1772716925e-01 8.8131008068e-02 5.2592744684e-02 1.0507240255e-02 -3.7837850713e-02 -9.0188745855e-02 -1.4101070337e-01 -1.8134943664e-01
-5.7369077338e-02 -1.1195451983e-01 -1.6298618016e-01 -1.9978463724e-01 -2.1460319895e-01 -2.0894320555e-01 -1.8630803971e-01 -1.4887263380e-01 -9.9095860924e-02 -4.1787206465e-02 1.4242466659e-02 5.8716191112e-02 8.9785647568e-02 1.1248709711e-01 1.3068370390e-01 1.4638204697e-01 1.6074409909e-01 1.7419735389e-01 1.8628829922e-01 1.9639803204e-01 2.0410153950e-01 2.0913466245e-01 2.1133349603e-01 2.1059203797e-01 2.0683059790e-01 1.9996839664e-01 1.8989544618e-01 1.7643913645e-01 1.5932170851e-01 1.3810994581e-01 1.1217493635e-01 8.0709908255e-02 4.2882959762e-02 -1.7863813491e-03 -5.2730471634e-02 -1.0722739270e-01 -1.5893906935e-01 -1.9740610098e-01 -2.1417991031e-01 -2.1014502465e-01 -1.8889391728e-01 -1.5267378028e-01 -1.0383468382e-01 -4.6900165892e-02 9.6852395573e-03 5.5416078057e-02 8.7475263791e-02 1.1071794399e-01 1.2920945074e-01 1.4507174438e-01 1.5951942499e-01 1.7306121743e-01 1.8529803443e-01 1.9560067374e-01 2.0352673957e-01 2.0880053045e-01 2.1125109682e-01 2.1076859885e-01 2.0727212070e-01 2.0068214467e-01 1.9089269758e-01 1.7773857625e-01 1.6095365781e-01 1.4012081602e-01 1.1462924646e-01 8.3684332552e-02 4.6445049089e-02 2.3772847899e-03 -4.8081391393e-02 -1.0245329108e-01 -1.5477458561e-01 -1.9484867827e-01
-6.6177274508e-02 -1.2260904425e-01 -1.7525195807e-01 -2.1180497988e-01 -2.2309899015e-01 -2.1298952175e-01 -1.8615984302e-01 -1.4487583546e-01 -9.1523803561e-02 -3.0866469506e-02 2.7655579626e-02 7.1471085976e-02 9.9584881918e-02 1.1941445949e-01 1.3529830103e-01 1.4920229717e-01 1.6229882048e-01 1.7503015980e-01 1.8669557879e-01 1.9652954345e-01 2.0405370343e-01 2.0897152195e-01 2.1109359070e-01 2.1029179928e-01 2.0646523685e-01 1.9950993375e-01 1.8928736053e-01 1.7558750846e-01 1.5808430441e-01 1.3628789487e-01 1.0951483274e-01 7.6923213491e-02 3.7683475151e-02 -8.6343821667e-03 -6.1374161713e-02 -1.1771927283e-01 -1.7109596941e-01 -2.0959171384e-01 -2.2305457536e-01 -2.1457465561e-01 -1.8909828255e-01 -1.4900204542e-01 -9.6567709897e-02 -3.6259932193e-02 2.2969336188e-02 6.8369454142e-02 9.7546253282e-02 1.1787491004e-01 1.3400520748e-01 1.4803013122e-01 1.6116180614e-01 1.7394250864e-01 1.8573585030e-01 1.9575197177e-01 2.0349136523e-01 2.0864505068e-01 2.1101618376e-01 2.1047264557e-01 2.0691234690e-01 2.0023288510e-01 1.9030034595e-01 1.7691298986e-01 1.5975727040e-01 1.3835979255e-01 1.1205435043e-01 8.0008709956e-02 4.1380325913e-02 -4.3186246494e-03 -5.6564084161e-02 -1.1278388561e-01 -1.6681347120e-01 -2.0716990225e-01
-7.2910501471e-02 -1.3091791074e-01 -1.8531869727e-01 -2.2221060626e-01 -2.3013997508e-01 -2.1626648495e-01 -1.8612255629e-01 -1.4184862963e-01 -8.5667138412e-02 -2.2131976126e-02 3.9059958406e-02 8.2172318598e-02 1.0736390937e-01 1.2475341245e-01 1.3877415771e-01 1.5123610922e-01 1.6331325515e-01 1.7553805461e-01 1.8690509974e-01 1.9653847562e-01 2.0393171863e-01 2.0876733486e-01 2.1083738177e-01 2.0999691599e-01 2.0612855692e-01 1.9911025567e-01 1.8878134292e-01 1.7490311584e-01 1.5711296374e-01 1.3487882737e-01 1.0747701136e-01 7.4039432730e-02 3.3736230304e-02 -1.3833491246e-02 -6.7974573890e-02 -1.2587899538e-01 -1.8101145139e-01 -2.2013927575e-01 -2.3043957236e-01 -2.1816191603e-01 -1.8933587816e-01 -1.4622802922e-01 -9.0958149412e-02 -2.7784722117e-02 3.4206844341e-02 7.9297167379e-02 1.0556983206e-01 1.2340197381e-01 1.3762575722e-01 1.5017633476e-01 1.6224290831e-01 1.7448365101e-01 1.8596737550e-01 1.9577542562e-01 2.0337841727e-01 2.0844617942e-01 2.1076317481e-01 2.1018037049e-01 2.0657926197e-01 1.9983960365e-01 1.8980578774e-01 1.7624800349e-01 1.5881678362e-01 1.3699674318e-01 1.1008076373e-01 7.7208660588e-02 3.7535006223e-02 -9.4011427109e-03 -6.3035829886e-02 -1.2079848557e-01 -1.7657508672e-01 -2.1782030823e-01
-7.7343604673e-02 -1.3648179963e-01 -1.9245673268e-01 -2.3029422639e-01 -2.3512577906e-01 -2.1851251531e-01 -1.8612718288e-01 -1.3986328066e-01 -8.1771963760e-02 -1.6142656248e-02 4.7633796690e-02 8.9974136390e-02 1.1261729035e-01 1.2824128191e-01 1.4097527549e-01 1.5243309672e-01 1.6377231834e-01 1.7572275129e-01 1.8691099338e-01 1.9641841069e-01 2.0373122360e-01 2.0852019396e-01 2.1056530956e-01 2.0971015619e-01 2.0582596798e-01 1.9877823240e-01 1.8839120585e-01 1.7440695685e-01 1.5643877770e-01 1.3392716259e-01 1.0612249004e-01 7.2139742686e-02 3.1147904605e-02 -1.7239342079e-02 -7.2316008433e-02 -1.3132913027e-01 -1.8798360888e-01 -2.2835290699e-01 -2.3569978480e-01 -2.2062263352e-01 -1.8952418087e-01 -1.4441155568e-01 -8.7233086089e-02 -2.1998126198e-02 4.2565037862e-02 8.7348655192e-02 1.1101030138e-01 1.2702145232e-01 1.3992627975e-01 1.5145375943e-01 1.6274420989e-01 1.7468710193e-01 1.8598705837e-01 1.9566449469e-01 2.0318330893e-01 2.0820178026e-01 2.1049228863e-01 2.0989430793e-01 2.0627799400e-01 1.9951079076e-01 1.8942229585e-01 1.7576385107e-01 1.5816225395e-01 1.3607476960e-01 1.0876790069e-01 7.5363410861e-02 3.5013193530e-02 -1.2730088123e-02 -6.7289614797e-02 -1.2613993325e-01 -1.8338784500e-01 -2.2610403361e-01
-7.9316787571e-02 -1.3898014011e-01 -1.9581675642e-01 -2.3481340870e-01 -2.3744407529e-01 -2.1951914067e-01 -1.8612112670e-01 -1.3897077828e-01 -8.0025906032e-02 -1.3414696146e-02 5.2026941577e-02 9.3730222210e-02 1.1491982184e-01 1.2968813093e-01 1.4181204425e-01 1.5278614299e-01 1.6372342887e-01 1.7560184161e-01 1.8671242253e-01 1.9616610412e-01 2.0344992238e-01 2.0822933575e-01 2.1027814946e-01 2.0943383782e-01 2.0556153681e-01 1.9852021174e-01 1.8812653939e-01 1.7411330854e-01 1.5608256808e-01 1.3346233149e-01 1.0549142474e-01 7.1277432538e-02 2.9988859200e-02 -1.8754862285e-02 -7.4246359299e-02 -1.3377159275e-01 -1.9123731800e-01 -2.3304153781e-01 -2.3816043576e-01 -2.2172784238e-01 -1.8960046637e-01 -1.4359444852e-01 -8.5564149855e-02 -1.9370624851e-02 4.6752068743e-02 9.1292237728e-02 1.1340653109e-01 1.2853089384e-01 1.4081021868e-01 1.5184693290e-01 1.6270757564e-01 1.7457388745e-01 1.8579468141e-01 1.9541592627e-01 2.0290360881e-01 2.0791093709e-01 2.1020414853e-01 2.0961661428e-01 2.0601241630e-01 1.9925253684e-01 1.8915909954e-01 1.7547430528e-01 1.5781382746e-01 1.3562244699e-01 1.0815487465e-01 7.4524965527e-02 3.3883487403e-02 -1.4211447139e-02 -6.9180319727e-02 -1.2853032112e-01 -1.8654466182e-01 -2.3083611903e-01
-7.8755731414e-02 -1.3825143785e-01 -1.9480819128e-01 -2.3331380829e-01 -2.3672431191e-01 -2.1918268354e-01 -1.8607915492e-01 -1.3919470449e-01 -8.0519857605e-02 -1.4236087065e-02 5.0601535177e-02 9.2471198677e-02 1.1404978269e-01 1.2900482004e-01 1.4124505649e-01 1.5230757709e-01 1.6333072125e-01 1.7519089302e-01 1.8631029126e-01 1.9578081324e-01 2.0308746110e-01 2.0789513509e-01 2.0997701179e-01 2.0916979394e-01 2.0533789258e-01 1.9833983753e-01 1.8799241200e-01 1.7402928594e-01 1.5605429590e-01 1.3349802730e-01 1.0560215324e-01 7.1476550967e-02 3.0290693216e-02 -1.8336205025e-02 -7.3695174084e-02 -1.3305793113e-01 -1.9026231210e-01 -2.3145224731e-01 -2.3739744075e-01 -2.2136278056e-01 -1.8953465727e-01 -1.4379595468e-01 -8.6034007768e-02 -2.0158985022e-02 4.5409335978e-02 8.9973616823e-02 1.1251384151e-01 1.2783478068e-01 1.4023471191e-01 1.5136097709e-01 1.6231768166e-01 1.7416303331e-01 1.8539156253e-01 1.9502898572e-01 2.0253889535e-01 2.0757394494e-01 2.0989978403e-01 2.0934903745e-01 2.0578505907e-01 1.9906835931e-01 1.8902109662e-01 1.7538624966e-01 1.5778116148e-01 1.3565308915e-01 1.0825956405e-01 7.4716805105e-02 3.4176691435e-02 -1.3802807804e-02 -6.8640962516e-02 -1.2783264944e-01 -1.8560122291e-01 -2.2923002737e-01
-7.5682177096e-02 -1.3434468415e-01 -1.8962651772e-01 -2.2693084006e-01 -2.3308486369e-01 -2.1753497682e-01 -1.8600908873e-01 -1.4052801042e-01 -8.3226185472e-02 -1.8516711740e-02 4.4000576279e-02 8.6536856870e-02 1.1007529983e-01 1.2621813144e-01 1.3928608729e-01 1.5099253579e-01 1.6251515037e-01 1.7448535390e-01 1.8570520676e-01 1.9526393437e-01 2.0264536618e-01 2.0751910571e-01 2.0966334626e-01 2.0891936132e-01 2.0515618764e-01 1.9823797088e-01 1.8798923920e-01 1.7415464864e-01 1.5635280231e-01 1.3403187713e-01 1.0645077346e-01 7.2731296175e-02 3.2045100694e-02 -1.5995638726e-02 -7.0683065435e-02 -1.2923308405e-01 -1.8522498141e-01 -2.2493036845e-01 -2.3354757896e-01 -2.1956270641e-01 -1.8933603697e-01 -1.4501033348e-01 -8.8617541069e-02 -2.4283252482e-02 3.9046179090e-02 8.3810334963e-02 1.0840774246e-01 1.2496185513e-01 1.3821259157e-01 1.4999355228e-01 1.6148060629e-01 1.7344875436e-01 1.8477815220e-01 1.9450503717e-01 2.0209068339e-01 2.0719230846e-01 2.0958063599e-01 2.0909290737e-01 2.0559707316e-01 1.9895912775e-01 1.8900872697e-01 1.7549949040e-01 1.5806317103e-01 1.3616442647e-01 1.0907820072e-01 7.5933300064e-02 3.5884744793e-02 -1.1515997066e-02 -6.5691091200e-02 -1.2408827108e-01 -1.8070060353e-01 -2.2265597998e-01
-7.0210677339e-02 -1.2750290583e-01 -1.8105485997e-01 -2.1766356238e-01 -2.2704647010e-01 -2.1473372027e-01 -1.8595009140e-01 -1.4293402723e-01 -8.8005540705e-02 -2.5838813495e-02 3.3924465301e-02 7.7110059145e-02 1.0332615781e-01 1.2146610784e-01 1.3599787194e-01 1.4883288230e-01 1.6115986491e-01 1.7346694079e-01 1.8489814265e-01 1.9461913227e-01 2.0212708042e-01 2.0710391589e-01 2.0933895410e-01 2.0868339436e-01 2.0501611642e-01 1.9821271743e-01 1.8811282354e-01 1.7448185714e-01 1.5696588386e-01 1.3504553855e-01 1.0801126934e-01 7.5006200126e-02 3.5204217280e-02 -1.1800670237e-02 -6.5318827813e-02 -1.2252146305e-01 -1.7681740106e-01 -2.1553018373e-01 -2.2719775987e-01 -2.1650159498e-01 -1.8905122123e-01 -1.4720761886e-01 -9.3187711862e-02 -3.1367683446e-02 2.9168942571e-02 7.4149048372e-02 1.0144975786e-01 1.2005976347e-01 1.3481183519e-01 1.4774527463e-01 1.6007699295e-01 1.7240865554e-01 1.8395481577e-01 1.9384769048e-01 2.0156246391e-01 2.0676875844e-01 2.0924856886e-01 2.0884914959e-01 2.0544824827e-01 1.9892309010e-01 1.8911801110e-01 1.7580681112e-01 1.5864810215e-01 1.3713870025e-01 1.1058549248e-01 7.8139887435e-02 3.8961046032e-02 -7.4162809151e-03 -6.0434216828e-02 -1.1750504600e-01 -1.7245691264e-01 -2.1317230124e-01
-6.2532873913e-02 -1.1809206865e-01 -1.6990890741e-01 -2.0643443755e-01 -2.1923820419e-01 -2.1101888133e-01 -1.8596422426e-01 -1.4635129883e-01 -9.4638333727e-02 -3.5647594594e-02 2.1436371149e-02 6.5205044346e-02 9.4278219396e-02 1.1497579510e-01 1.3149209099e-01 1.4585496135e-01 1.5925264863e-01 1.7212497013e-01 1.8389332500e-01 1.9385290459e-01 2.0153808607e-01 2.0665341667e-01 2.0900600714e-01 2.0846230372e-01 2.0491599132e-01 1.9825955957e-01 1.8835456456e-01 1.7499637827e-01 1.5787070131e-01 1.3650521970e-01 1.1023618025e-01 7.8237091337e-02 3.9682399374e-02 -5.8696230408e-03 -5.7785406460e-02 -1.1326582731e-01 -1.6580385305e-01 -2.0414925901e-01 -2.1902771375e-01 -2.1244168180e-01 -1.8875420979e-01 -1.5033724216e-01 -9.9542892121e-02 -4.0900198503e-02 1.6835083934e-02 6.2038944180e-02 9.2150710425e-02 1.1336968536e-01 1.3015213471e-01 1.4464979659e-01 1.5809857827e-01 1.7102976774e-01 1.8292520508e-01 1.9306344689e-01 2.0095984448e-01 2.0630728323e-01 2.0890588895e-01 2.0861832149e-01 2.0533708487e-01 1.9895599907e-01 1.8934075230e-01 1.7629426911e-01 1.5951393135e-01 1.3854317217e-01 1.1273527603e-01 8.1273995817e-02 4.3322118128e-02 -1.6183228072e-03 -5.3045261031e-02 -1.0840456030e-01 -1.6158375100e-01 -2.0167486003e-01
-5.2895350542e-02 -1.0652386640e-01 -1.5683968013e-01 -1.9383638116e-01 -2.1021752019e-01 -2.0666046175e-01 -1.8612429877e-01 -1.5070033485e-01 -1.0286455392e-01 -4.7402359767e-02 7.2229964062e-03 5.1550219621e-02 8.3442158615e-02 1.0703285130e-01 1.2592379623e-01 1.4212940863e-01 1.5682743234e-01 1.7046846979e-01 1.8270145183e-01 1.9297531865e-01 2.0088606141e-01 2.0617266860e-01 2.0866706880e-01 2.0825611659e-01 2.0485287204e-01 1.9837158871e-01 1.8870183318e-01 1.7567723449e-01 1.5903451793e-01 1.3836261630e-01 1.1305779319e-01 8.2332758137e-02 4.5359149597e-02 1.6352520415e-03 -4.8319892168e-02 -1.0185841946e-01 -1.5282113072e-01 -1.9137415920e-01 -2.0961854982e-01 -2.0767470935e-01 -1.8853221146e-01 -1.5433306414e-01 -1.0744206882e-01 -5.2368427219e-02 2.7431233166e-03 4.8203602448e-02 8.1046393192e-02 1.0519232665e-01 1.2439773822e-01 1.4078341020e-01 1.5558268484e-01 1.6932142092e-01 1.8169991824e-01 1.9216253700e-01 2.0029072976e-01 2.0581315975e-01 2.0855536360e-01 2.0840066775e-01 2.0526091614e-01 1.9905133372e-01 1.8966489689e-01 1.7694172843e-01 1.6062908696e-01 1.4033104262e-01 1.1546168181e-01 8.5246649262e-02 4.8850358898e-02 5.7201461887e-03 -4.3752458417e-02 -9.7160674907e-02 -1.4870037848e-01 -1.8875084174e-01
-4.1577984774e-02 -9.3204668319e-02 -1.4235025705e-01 -1.8030462876e-01 -2.0043135195e-01 -2.0191851369e-01 -1.8650157182e-01 -1.5588993586e-01 -1.1241658895e-01 -6.0635006250e-02 -8.2127949718e-03 3.6693203509e-02 7.1302443625e-02 9.7952961552e-02 1.1948229992e-01 1.3776392384e-01 1.5394843025e-01 1.6852725187e-01 1.8134170588e-01 1.9200060577e-01 2.0018099631e-01 2.0566794633e-01 2.0832510952e-01 2.0806455312e-01 2.0482274142e-01 1.9853982812e-01 1.8913849979e-01 1.7649778816e-01 1.6041576034e-01 1.4055625548e-01 1.1638982749e-01 8.7177194528e-02 5.2082756472e-02 1.0515615038e-02 -3.7193611899e-02 -8.8692793809e-02 -1.3837230215e-01 -1.7763858052e-01 -1.9942635527e-01 -2.0247885374e-01 -1.8847150845e-01 -1.5911800365e-01 -1.1663463813e-01 -6.5319852113e-02 -1.2597023514e-02 3.3181883659e-02 6.8635506343e-02 9.5856816964e-02 1.1774717731e-01 1.3625911745e-01 1.5259717393e-01 1.6731527905e-01 1.8029868226e-01 1.9115959104e-01 1.9956545805e-01 2.0529296086e-01 2.0820023309e-01 2.0819618994e-01 2.0521607333e-01 1.9920060703e-01 1.9007504190e-01 1.7772362015e-01 1.6195348551e-01 1.4244276851e-01 1.1868078362e-01 8.9944645433e-02 5.5397489687e-02 1.4405588791e-02 -3.2819045079e-02 -8.4154335897e-02 -1.3430750288e-01 -1.7483534350e-01
-2.8877389934e-02 -7.8513121569e-02 -1.2684205961e-01 -1.6618284523e-01 -1.9023142017e-01 -1.9702126302e-01 -1.8715567216e-01 -1.6182131349e-01 -1.2303858986e-01 -7.4953927024e-02 -2.4470920045e-02 2.1074425911e-02 5.8297936026e-02 8.8060532147e-02 1.1238044663e-01 1.3289327775e-01 1.5070158803e-01 1.6634861814e-01 1.7984216063e-01 1.9094739038e-01 1.9943519794e-01 2.0514669912e-01 2.0798350770e-01 2.0788711219e-01 2.0482071855e-01 1.9875363304e-01 1.8964559997e-01 1.7742674690e-01 1.6196539277e-01 1.4301323530e-01 1.2012958161e-01 9.2632305768e-02 5.9674188353e-02 2.0544360157e-02 -2.4696541759e-02 -7.4140699909e-02 -1.2286263536e-01 -1.6328660805e-01 -1.8880677259e-01 -1.9709663832e-01 -1.8864615933e-01 -1.6460685713e-01 -1.2687861729e-01 -7.9371159845e-02 -2.8782193231e-02 1.7406927805e-02 5.5363786801e-02 8.5698385604e-02 1.1042187726e-01 1.3121704338e-01 1.4923191084e-01 1.6506125297e-01 1.7875070704e-01 1.9007389674e-01 1.9879681762e-01 2.0475451532e-01 2.0784420596e-01 2.0800472317e-01 2.0519808554e-01 1.9939374664e-01 1.9055307403e-01 1.7860991580e-01 1.6343987372e-01 1.4480777019e-01 1.2229270597e-01 9.5233199390e-02 6.2788289546e-02 2.4215526466e-02 -2.0528612427e-02 -6.9750180966e-02 -1.1881305204e-01 -1.6027433139e-01
-1.5097002357e-02 -6.2796262695e-02 -1.1065077702e-01 -1.5175819398e-01 -1.7989856779e-01 -1.9215744066e-01 -1.8812747615e-01 -1.6838919372e-01 -1.3449334586e-01 -9.0029005900e-02 -4.1212591674e-02 5.0695883983e-03 4.4823122502e-02 7.7675404853e-02 1.0484431825e-01 1.2767016975e-01 1.4718811825e-01 1.6399318680e-01 1.7823891805e-01 1.8983847580e-01 1.9866314256e-01 2.0461745041e-01 2.0764602815e-01 2.0772315880e-01 2.0484129745e-01 1.9900115018e-01 1.9020211574e-01 1.7842937046e-01 1.6362859346e-01 1.4565135076e-01 1.2416052308e-01 9.8540984302e-02 6.7930867560e-02 3.1471360384e-02 -1.1127681713e-02 -5.8546440096e-02 -1.0663220711e-01 -1.4860689910e-01 -1.7804346860e-01 -1.9172831579e-01 -1.8911031941e-01 -1.7070662612e-01 -1.3794754273e-01 -9.4197120006e-02 -4.5472986260e-02 1.2488377988e-03 4.1628633493e-02 7.5045138098e-02 1.0265558158e-01 1.2581524443e-01 1.4559218695e-01 1.6262291942e-01 1.7709367681e-01 1.8892916870e-01 1.9799989507e-01 2.0420680153e-01 2.0749142917e-01 2.0782601252e-01 2.0520190273e-01 1.9961953125e-01 1.9107891816e-01 1.7956729387e-01 1.6503546412e-01 1.4734651825e-01 1.2618417177e-01 1.0095897553e-01 7.0824279546e-02 3.4904021462e-02 -7.1758041404e-03 -5.4289475108e-02 -1.0256095876e-01 -1.4535872436e-01
-5.4337058100e-04 -4.6374852302e-02 -9.4071985923e-02 -1.3728415415e-01 -1.6966415445e-01 -1.8747682493e-01 -1.8943444806e-01 -1.7547986451e-01 -1.4656040261e-01 -1.0557313039e-01 -5.8134639636e-02 -1.0984184859e-02 3.1236327326e-02 6.7105776743e-02 9.7104513061e-02 1.2225737981e-01 1.4351897710e-01 1.6153083686e-01 1.7657447822e-01 1.8870022530e-01 1.9788116026e-01 2.0408962723e-01 2.0731677199e-01 2.0757200550e-01 2.0487859799e-01 1.9926981486e-01 1.9078584257e-01 1.7946885185e-01 1.6534671998e-01 1.4838160054e-01 1.2835532280e-01 1.0473053398e-01 7.6630121591e-02 4.3027080991e-02 3.2087889203e-03 -4.2230655253e-02 -8.9980565092e-02 -1.3385517984e-01 -1.6737116158e-01 -1.8653366667e-01 -1.8989355603e-01 -1.7731426400e-01 -1.4962906225e-01 -1.0951415964e-01 -6.2367157182e-02 -1.4959474880e-02 2.7789555204e-02 6.4211548096e-02 9.4685598866e-02 1.2022171678e-01 1.4179306590e-01 1.6007325029e-01 1.7537196219e-01 1.8775288217e-01 1.9719174340e-01 2.0365976603e-01 2.0714642734e-01 2.0765978172e-01 2.0522212943e-01 1.9986606178e-01 1.9163136590e-01 1.8056047096e-01 1.6668384984e-01 1.4997299435e-01 1.3023149120e-01 1.0695349184e-01 7.9287179477e-02 4.6205248329e-02 6.9376136335e-03 -3.8092509421e-02 -8.5854524218e-02 -1.3034686874e-01
1.4472483244e-02 -2.9552700002e-02 -7.7380741164e-02 -1.2299785257e-01 -1.5972712964e-01 -1.8309445302e-01 -1.9106751272e-01 -1.8296648721e-01 -1.5902885514e-01 -1.2132466840e-01 -7.4950875849e-02 -2.6770667666e-02 1.7868698525e-02 5.6644932796e-02 8.9389232890e-02 1.1682113008e-01 1.3980996314e-01 1.5903696633e-01 1.7489573524e-01 1.8756163581e-01 1.9710696728e-01 2.0357331999e-01 2.0700009512e-01 2.0743298088e-01 2.0492661511e-01 1.9954685996e-01 1.9137430387e-01 1.8050783424e-01 1.6705954687e-01 1.5111107462e-01 1.3257936060e-01 1.1101651111e-01 8.5532330001e-02 5.4923967655e-02 1.8002469883e-02 -2.5498585418e-02 -7.3186040797e-02 -1.1927150562e-01 -1.5699338183e-01 -1.8163727994e-01 -1.9099804701e-01 -1.8431204457e-01 -1.6171822890e-01 -1.2506382353e-01 -7.9180404803e-02 -3.0904755199e-02 1.4178490985e-02 5.3495876210e-02 8.6745995996e-02 1.1460763864e-01 1.3795436555e-01 1.5749073755e-01 1.7363447912e-01 1.8657528444e-01 1.9639088694e-01 2.0312406719e-01 2.0681400812e-01 2.0750578779e-01 2.0525325557e-01 2.0012124284e-01 1.9218894691e-01 1.8155365858e-01 1.6832717982e-01 1.5259752515e-01 1.3430401425e-01 1.1303696351e-01 8.7942165586e-02 5.7835058742e-02 2.1502000212e-02 -2.1465858686e-02 -6.8975272421e-02 -1.1548184957e-01
2.9629586490e-02 -1.2627806036e-02 -6.0848422643e-02 -1.0913485045e-01 -1.5026748833e-01 -1.7909587934e-01 -1.9298867128e-01 -1.9070202320e-01 -1.7168692762e-01 -1.3703133766e-01 -9.1376598404e-02 -4.1981696575e-02 5.0315863555e-03 4.6569771494e-02 8.1918885471e-02 1.1152548642e-01 1.3617733810e-01 1.5658908220e-01 1.7325185299e-01 1.8645321706e-01 1.9635907847e-01 2.0307898142e-01 2.0670049602e-01 2.0730547972e-01 2.0497945196e-01 1.9981980823e-01 1.9194566494e-01 1.8151000850e-01 1.6870775371e-01 1.5374622912e-01 1.3669475349e-01 1.1720714805e-01 9.4384031831e-02 6.6855880597e-02 3.2931637203e-02 -8.6505637628e-03 -5.6522479563e-02 -1.0509516587e-01 -1.4709631118e-01 -1.7713462601e-01 -1.9239672884e-01 -1.9156080814e-01 -1.7400743439e-01 -1.4059711625e-01 -9.5630447258e-02 -4.6280476596e-02 1.1079969099e-03 4.3179299770e-02 7.9062359751e-02 1.0914169635e-01 1.3419618267e-01 1.5495588734e-01 1.7193245324e-01 1.8542820750e-01 1.9561669995e-01 2.0261075424e-01 2.0649913519e-01 2.0736385679e-01 2.0528987156e-01 2.0037324726e-01 1.9273079654e-01 1.8251208938e-01 1.6990856839e-01 1.5512999468e-01 1.3826809079e-01 1.1902274141e-01 9.6541188284e-02 6.9490810565e-02 3.6195115644e-02 -4.7122528304e-03 -5.2199460566e-02 -1.0100656072e-01
4.4587814458e-02 4.0950879666e-03 -4.4759248060e-02 -9.5942678796e-02 -1.4145669409e-01 -1.7554224336e-01 -1.9512906347e-01 -1.9851004157e-01 -1.8430910191e-01 -1.5243457402e-01 -1.0711414031e-01 -5.6307702611e-02 -6.9785962587e-03 3.7139695820e-02 7.4901725717e-02 1.0652761253e-01 1.3273392754e-01 1.5426371597e-01 1.7169217155e-01 1.8540577731e-01 1.9565614120e-01 2.0261707951e-01 2.0642247663e-01 2.0718899147e-01 2.0503152422e-01 2.0007691817e-01 1.9247958805e-01 1.8244171146e-01 1.7023562838e-01 1.5619656562e-01 1.4056497775e-01 1.2310860739e-01 1.0292151251e-01 7.8496199871e-02 4.7654453458e-02 8.0057803507e-03 -4.0275656291e-02 -9.1578571920e-02 -1.3785951077e-01 -1.7309769574e-01 -1.9403200068e-01 -1.9889133247e-01 -1.8627369381e-01 -1.5585915831e-01 -1.1142211478e-01 -6.0777042146e-02 -1.1123376300e-02 3.3525251967e-02 7.1847589999e-02 1.0398529549e-01 1.3063491728e-01 1.5254805990e-01 1.7031723720e-01 1.8434379048e-01 1.9488870372e-01 2.0213089808e-01 2.0620677320e-01 2.0723389787e-01 2.0532685556e-01 2.0061093599e-01 1.9323746436e-01 1.8340353309e-01 1.7137469725e-01 1.5748345146e-01 1.4199159761e-01 1.2472257566e-01 1.0482684179e-01 8.0850101628e-02 5.0673792280e-02 1.1857538449e-02 -3.5814312498e-02 -8.7177959173e-02
5.8974653944e-02 2.0289828384e-02 -2.9428640533e-02 -8.3693293720e-02 -1.3346505807e-01 -1.7247473354e-01 -1.9738788363e-01 -2.0617373244e-01 -1.9664030273e-01 -1.6725282884e-01 -1.2183820440e-01 -6.9431476375e-02 -1.7878525790e-02 2.8594962005e-02 6.8530084440e-02 1.0197370105e-01 1.2958567322e-01 1.5213366177e-01 1.7026423405e-01 1.8444919871e-01 1.9501623410e-01 2.0219772354e-01 2.0617038320e-01 2.0708310586e-01 2.0507772546e-01 2.0030755533e-01 1.9295796223e-01 1.8327340836e-01 1.7159391962e-01 1.5837875589e-01 1.4406017078e-01 1.2853134756e-01 1.1087562423e-01 8.9495740577e-02 6.1796305334e-02 2.4140967667e-02 -2.4761584621e-02 -7.9000412946e-02 -1.2946355892e-01 -1.6957977797e-01 -1.9581530965e-01 -2.0609424975e-01 -1.9826278508e-01 -1.7057278853e-01 -1.2623197867e-01 -7.4074991934e-02 -2.2228912809e-02 2.4778042342e-02 6.5298235445e-02 9.9288463452e-02 1.2737976397e-01 1.5034264554e-01 1.6883826588e-01 1.8335319761e-01 1.9422582852e-01 2.0169519412e-01 2.0594171251e-01 2.0711589517e-01 2.0535952385e-01 2.0082420763e-01 1.9369160157e-01 1.8419968868e-01 1.7267853217e-01 1.5957815017e-01 1.4534910400e-01 1.2995296531e-01 1.1253748077e-01 9.1569569408e-02 6.4561957435e-02 2.7910205020e-02 -2.0136145766e-02 -7.4280938321e-02
7.2366964323e-02 3.5590175441e-02 -1.5226042975e-02 -7.2693234550e-02 -1.2646540078e-01 -1.6991848522e-01 -1.9963341492e-01 -2.1342406787e-01 -2.0837512478e-01 -1.8116121520e-01 -1.3518053752e-01 -8.1026195789e-02 -2.7399557586e-02 2.1153988278e-02 6.2976859786e-02 9.7995441902e-02 1.2682861518e-01 1.5026553910e-01 1.6901198911e-01 1.8361126609e-01 1.9445617072e-01 2.0183028343e-01 2.0594823571e-01 2.0698749707e-01 2.0511354713e-01 2.0050246681e-01 1.9336543987e-01 1.8398089647e-01 1.7274269704e-01 1.6022131351e-01 1.4706322763e-01 1.3329780881e-01 1.1797874247e-01 9.9482526881e-02 7.4932686697e-02 3.9384864129e-02 -1.0349534336e-02 -6.7677012315e-02 -1.2209383411e-01 -1.6661934691e-01 -1.9762876158e-01 -2.1290968554e-01 -2.0966826832e-01 -1.8441872158e-01 -1.3969167922e-01 -8.5842312034e-02 -3.1935198558e-02 1.7160258110e-02 5.9591028305e-02 9.5186289570e-02 1.2452964344e-01 1.4840857550e-01 1.6754120096e-01 1.8248539727e-01 1.9364568264e-01 2.0131355904e-01 2.0570838306e-01 2.0700987974e-01 2.0538373889e-01 2.0100425704e-01 1.9407846533e-01 1.8487729838e-01 1.7378199536e-01 1.6134612498e-01 1.4822777278e-01 1.3454279448e-01 1.1941437830e-01 1.0128577817e-01 7.7434824776e-02 4.3070820107e-02 -5.5333406144e-03 -6.2640958783e-02
8.4266788675e-02 4.9563045735e-02 -2.6055674280e-03 -6.3287959294e-02 -1.2063180385e-01 -1.6788616531e-01 -2.0170832827e-01 -2.1993008770e-01 -2.1912741802e-01 -1.9376248231e-01 -1.4671545651e-01 -9.0759919249e-02 -3.5293076469e-02 1.5009474211e-02 5.8392109491e-02 9.4706940321e-02 1.2454628889e-01 1.4871768540e-01 1.6797420531e-01 1.8291659694e-01 1.9399084345e-01 2.0152302269e-01 2.0575955617e-01 2.0690189054e-01 2.0513515252e-01 2.0065394709e-01 1.9368972364e-01 1.8454601984e-01 1.7365389395e-01 1.6167006719e-01 1.4947692067e-01 1.3725134259e-01 1.2397468212e-01 1.0806696651e-01 8.6567646904e-02 5.3299354037e-02 2.5060381486e-03 -5.7968390312e-02 -1.1593904216e-01 -1.6424321227e-01 -1.9933067174e-01 -2.1901989637e-01 -2.2010098129e-01 -1.9700752334e-01 -1.5137078095e-01 -9.5738278640e-02 -3.9987621560e-02 1.0868801559e-02 5.4879452626e-02 9.1795807105e-02 1.2217055594e-01 1.4680617090e-01 1.6646629863e-01 1.8176604999e-01 1.9316386535e-01 2.0099474274e-01 2.0551066818e-01 2.0691588560e-01 2.0539597468e-01 2.0114373329e-01 1.9438619032e-01 1.8541879305e-01 1.7465825367e-01 1.6273651968e-01 1.5053419974e-01 1.3834220485e-01 1.2521157892e-01 1.0962151569e-01 8.8800181604e-02 5.6894638888e-02 7.5409974961e-03 -5.2632077623e-02
9.4073945826e-02 6.1663840330e-02 7.8529291040e-03 -5.5853267973e-02 -1.1613223994e-01 -1.6638152278e-01 -2.0344184426e-01 -2.2529929750e-01 -2.2837991647e-01 -2.0453754921e-01 -1.5595330062e-01 -9.8309579724e-02 -4.1339552443e-02 1.0323514667e-02 5.4899744991e-02 9.2202053585e-02 1.2280753388e-01 1.4753838605e-01 1.6718312277e-01 1.8238570858e-01 1.9363263714e-01 2.0128276358e-01 2.0560720616e-01 2.0682601847e-01 2.0513940927e-01 2.0075589858e-01 1.9392157919e-01 1.8495667632e-01 1.7431281989e-01 1.6269502682e-01 1.5123271415e-01 1.4026558288e-01 1.2863188485e-01 1.1485775388e-01 9.6112558827e-02 6.5331914306e-02 1.3219326041e-02 -5.0271393773e-02 -1.1118297921e-01 -1.6246913503e-01 -2.0076726847e-01 -2.2405277997e-01 -2.2904035280e-01 -2.0783201967e-01 -1.6076545105e-01 -1.0342740876e-01 -4.6159940481e-02 6.0697664394e-03 5.1290357171e-02 8.9213284791e-02 1.2037335126e-01 1.4558533679e-01 1.6564702381e-01 1.8121654120e-01 1.9279335401e-01 2.0074597502e-01 2.0535172953e-01 2.0683389668e-01 2.0539334419e-01 2.0123680046e-01 1.9460580899e-01 1.8581228141e-01 1.7529293472e-01 1.6372210848e-01 1.5220281436e-01 1.4123197666e-01 1.2970854502e-01 1.1620217978e-01 9.8083117873e-02 6.8818270238e-02 1.8498776739e-02 -4.4672299267e-02
1.0107642750e-01 7.1144083222e-02 1.5404245954e-02 -5.0763465209e-02 -1.1311487464e-01 -1.6540302214e-01 -2.0467041844e-01 -2.2910501838e-01 -2.3539463891e-01 -2.1274347682e-01 -1.6236171607e-01 -1.0338679549e-01 -4.5360453314e-02 7.2222158105e-03 5.2594466006e-02 9.0552165384e-02 1.2166472100e-01 1.4676445069e-01 1.6666336034e-01 1.8203424842e-01 1.9339093602e-01 2.0111460084e-01 2.0549324382e-01 2.0675957163e-01 2.0512389092e-01 2.0080380794e-01 1.9405460417e-01 1.8520599450e-01 1.7471732469e-01 1.6329950126e-01 1.5230365231e-01 1.4225193289e-01 1.3175911038e-01 1.1949418295e-01 1.0288809846e-01 7.4716963174e-02 2.1017377408e-02 -4.4987603631e-02 -1.0798907626e-01 -1.6130806119e-01 -2.0179177327e-01 -2.2761112307e-01 -2.3575714553e-01 -2.1616601055e-01 -1.6731395298e-01 -1.0860666368e-01 -5.0267102859e-02 2.8927045123e-03 4.8920772174e-02 8.7511950800e-02 1.1919192238e-01 1.4478410946e-01 1.6510892838e-01 1.8085318465e-01 1.9254398948e-01 2.0057266397e-01 2.0523385369e-01 2.0676379197e-01 2.0537359884e-01 2.0127912110e-01 1.9473105116e-01 1.8605079575e-01 1.7568311936e-01 1.6430715505e-01 1.5320820692e-01 1.4313107504e-01 1.3272466289e-01 1.2068673953e-01 1.0463755697e-01 7.8054115837e-02 2.6544807208e-02 -3.9191882421e-02
1.0453287125e-01 7.6766522930e-02 1.9185395049e-02 -4.8329486150e-02 -1.1169015797e-01 -1.6494735730e-01 -2.0526521481e-01 -2.3096259006e-01 -2.3910596435e-01 -2.1719262556e-01 -1.6545006774e-01 -1.0577373588e-01 -4.7231062699e-02 5.7905833801e-03 5.1539165466e-02 8.9804450905e-02 1.2115241347e-01 1.4642014528e-01 1.6643109188e-01 1.8187240656e-01 1.9327174206e-01 2.0102167743e-01 2.0541880966e-01 2.0670215564e-01 2.0508686122e-01 2.0079467414e-01 1.9408485165e-01 1.8529082754e-01 1.7487310354e-01 1.6352764484e-01 1.5272905357e-01 1.4316080269e-01 1.3322143123e-01 1.2169565672e-01 1.0621421785e-01 8.0164191808e-02 2.4957981017e-02 -4.2455982164e-02 -1.0647993195e-01 -1.6076599712e-01 -2.0228903089e-01 -2.2934408589e-01 -2.3925965332e-01 -2.2079664835e-01 -1.7048269762e-01 -1.1104472122e-01 -5.2179234024e-02 1.4251276116e-03 4.7835188672e-02 8.6740209749e-02 1.1866183912e-01 1.4442756671e-01 1.6486880644e-01 1.8068661512e-01 1.9242207835e-01 2.0047815988e-01 2.0515832998e-01 2.0670529711e-01 2.0533511254e-01 2.0126779538e-01 1.9475801384e-01 1.8613094957e-01 1.7583298431e-01 1.6453108198e-01 1.5359207000e-01 1.4399735177e-01 1.3413347195e-01 1.2281295623e-01 1.0783932454e-01 8.3279467669e-02 3.0654727323e-02 -3.6560463487e-02
1.0395317492e-01 7.5713537435e-02 1.8564607835e-02 -4.8720046130e-02 -1.1191373003e-01 -1.6501230356e-01 -2.0515925551e-01 -2.3065060364e-01 -2.3847337825e-01 -2.1642036396e-01 -1.6492869549e-01 -1.0535974299e-01 -4.6891302416e-02 6.0685677017e-03 5.1763062960e-02 8.9980698667e-02 1.2128647994e-01 1.4651648853e-01 1.6649350158e-01 1.8190452369e-01 1.9327741784e-01 2.0100503244e-01 2.0538404850e-01 2.0665325927e-01 2.0502725592e-01 2.0072693205e-01 1.9401045867e-01 1.8521010227e-01 1.7478564981e-01 1.6343604970e-01 1.5261557933e-01 1.4297364164e-01 1.3295325378e-01 1.2131640509e-01 1.0565785423e-01 7.9173230105e-02 2.4309199495e-02 -4.2862646813e-02 -1.0671755392e-01 -1.6084540177e-01 -2.0219936387e-01 -2.2905298186e-01 -2.3866652677e-01 -2.1998053865e-01 -1.6994850509e-01 -1.1062320838e-01 -5.1833572590e-02 1.7082262038e-03 4.8063589309e-02 8.6920427405e-02 1.1879944216e-01 1.4452710986e-01 1.6493413583e-01 1.8072138355e-01 1.9243012511e-01 2.0046359536e-01 2.0512536703e-01 2.0665794976e-01 2.0527686425e-01 2.0120129510e-01 1.9468483587e-01 1.8605149180e-01 1.7574683584e-01 1.6444007471e-01 1.5348700730e-01 1.4381711334e-01 1.3387382185e-01 1.2244569493e-01 1.0730356807e-01 8.2353233511e-02 2.9975024804e-02 -3.6983731654e-02
9.9423685704e-02 6.8830394308e-02 1.3657075526e-02 -5.1907231120e-02 -1.1377655644e-01 -1.6559823487e-01 -2.0436351143e-01 -2.2820642605e-01 -2.3370863232e-01 -2.1075555617e-01 -1.6084733956e-01 -1.0216349281e-01 -4.4351565859e-02 8.0490359251e-03 5.3260783034e-02 9.1076746352e-02 1.2206367535e-01 1.4705091900e-01 1.6684852410e-01 1.8212890248e-01 1.9340656230e-01 2.0106352815e-01 2.0538807300e-01 2.0661224045e-01 2.0494467412e-01 2.0060041014e-01 1.9383143528e-01 1.8496380556e-01 1.7445388180e-01 1.6301285309e-01 1.5193608717e-01 1.4169320800e-01 1.3096517211e-01 1.1838029508e-01 1.0129435657e-01 7.2435624332e-02 1.9207375193e-02 -4.6176708056e-02 -1.0869187255e-01 -1.6154589375e-01 -2.0153254015e-01 -2.2677118186e-01 -2.3415062570e-01 -2.1413634050e-01 -1.6576723371e-01 -1.0736208052e-01 -4.9240944591e-02 3.7346666541e-03 4.9600472854e-02 8.8048347516e-02 1.1960141454e-01 1.4508012429e-01 1.6530281222e-01 1.8095576232e-01 1.9256670277e-01 2.0052780838e-01 2.0513405367e-01 2.0662108418e-01 2.0519842981e-01 2.0107942737e-01 1.9451151356e-01 1.8581242861e-01 1.7542379711e-01 1.6402473956e-01 1.5285686847e-01 1.4259226106e-01 1.3195557955e-01 1.1960703665e-01 1.0309654862e-01 7.5818692234e-02 2.4668895186e-02 -4.0427417423e-02
9.1541463849e-02 5.8516000361e-02 5.2142701807e-03 -5.7676066855e-02 -1.1720657747e-01 -1.6670787112e-01 -2.0296418096e-01 -2.2390875929e-01 -2.2596368160e-01 -2.0171942560e-01 -1.5356918769e-01 -9.6329233942e-02 -3.9691763555e-02 1.1678092622e-02 5.5992493295e-02 9.3062560971e-02 1.2346169748e-01 1.4800733602e-01 1.6748487256e-01 1.8253782589e-01 1.9365402333e-01 2.0119385944e-01 2.0542897130e-01 2.0657833299e-01 2.0483938551e-01 2.0041634382e-01 1.9354970572e-01 1.8455316243e-01 1.7387130915e-01 1.6219754805e-01 1.5059179393e-01 1.3934550579e-01 1.2734285126e-01 1.1307484255e-01 9.3655899419e-02 6.2207349063e-02 1.0510627089e-02 -5.2161647951e-02 -1.1232266548e-01 -1.6286413286e-01 -2.0036541790e-01 -2.2274969178e-01 -2.2671177982e-01 -2.0499618231e-01 -1.5834162975e-01 -1.0141529333e-01 -4.4484701483e-02 7.4489407425e-03 5.2405001068e-02 9.0093175047e-02 1.2104483992e-01 1.4607002155e-01 1.6596317797e-01 1.8138176438e-01 1.9282646583e-01 2.0066735197e-01 2.0518236669e-01 2.0659383795e-01 2.0509998900e-01 2.0090334686e-01 1.9423993752e-01 1.8541517805e-01 1.7485877156e-01 1.6323464440e-01 1.5158438476e-01 1.4034287152e-01 1.2845870811e-01 1.1447112757e-01 9.5694720822e-02 6.5724756402e-02 1.5719729036e-02 -4.6630899257e-02
8.1058453319e-02 4.5815127241e-02 -5.9151035930e-03 -6.5690569723e-02 -1.2208112705e-01 -1.6834433050e-01 -2.0110253087e-01 -2.1816475350e-01 -2.1621258846e-01 -1.9035089330e-01 -1.4361052785e-01 -8.8099157281e-02 -3.3053884734e-02 1.6857679180e-02 5.9885082876e-02 9.5882957950e-02 1.2543971758e-01 1.4935651317e-01 1.6838235317e-01 1.8311778204e-01 1.9401104681e-01 2.0139064551e-01 2.0550385891e-01 2.0655067381e-01 2.0471235269e-01 2.0017744077e-01 1.9316938671e-01 1.8398190788e-01 1.7303357571e-01 1.6095701122e-01 1.4856508454e-01 1.3599050675e-01 1.2223823848e-01 1.0570825897e-01 8.3440158115e-02 4.9572027155e-02 -8.6939125868e-04 -6.0452733007e-02 -1.1747399668e-01 -1.6479290063e-01 -1.9882440186e-01 -2.1736190994e-01 -2.1727647891e-01 -1.9359757173e-01 -1.4822842582e-01 -9.3039269155e-02 -3.7712473867e-02 1.2750189154e-02 5.6402246340e-02 9.2998319614e-02 1.2308774541e-01 1.4746666215e-01 1.6689434526e-01 1.8198537546e-01 1.9320030529e-01 2.0087659024e-01 2.0526722558e-01 2.0657518071e-01 2.0498234698e-01 2.0067561359e-01 1.9387413718e-01 1.8486367576e-01 1.7404878004e-01 1.6203930781e-01 1.4965084017e-01 1.3712129333e-01 1.2352590310e-01 1.0732686822e-01 8.5744953143e-02 5.3191345291e-02 4.1007280361e-03 -5.5198281265e-02
6.8658531854e-02 3.1406157577e-02 -1.9032716726e-02 -7.5571034438e-02 -1.2824487732e-01 -1.7050802396e-01 -1.9894664896e-01 -2.1139714043e-01 -2.0512172049e-01 -1.7731693304e-01 -1.3149811320e-01 -7.7775603164e-02 -2.4630322112e-02 2.3449915534e-02 6.4834233233e-02 9.9458918903e-02 1.2793937352e-01 1.5105687950e-01 1.6951246235e-01 1.8384989035e-01 1.9446555748e-01 2.0164660040e-01 2.0560897185e-01 2.0652834725e-01 2.0456526058e-01 1.9988797141e-01 1.9269718713e-01 1.8325798188e-01 1.7194589883e-01 1.5929809324e-01 1.4589611622e-01 1.3172776243e-01 1.1585538842e-01 9.6654055016e-02 7.1305430398e-02 3.5221373238e-02 -1.4215200214e-02 -7.0644425915e-02 -1.2397490072e-01 -1.6731955164e-01 -1.9706050581e-01 -2.1100349994e-01 -2.0650837918e-01 -1.8059152930e-01 -1.3597916450e-01 -8.2550624728e-02 -2.9123325919e-02 1.9496896415e-02 6.1485374412e-02 9.6682754144e-02 1.2567011661e-01 1.4922715362e-01 1.6806680881e-01 1.8274699445e-01 1.9367564084e-01 2.0114787709e-01 2.0538459122e-01 2.0656396153e-01 2.0484696302e-01 2.0040027222e-01 1.9342063240e-01 1.8416586659e-01 1.7299950015e-01 1.6044387795e-01 1.4709440378e-01 1.3301962020e-01 1.1735032801e-01 9.8528612077e-02 7.3878589606e-02 3.8927987706e-02 -9.4568015684e-03 -6.5697183625e-02
5.4911745787e-02 1.5797230653e-02 -3.3597421549e-02 -8.6947831600e-02 -1.3552697927e-01 -1.7319306260e-01 -1.9666534592e-01 -2.0398296222e-01 -1.9316615638e-01 -1.6309712241e-01 -1.1770555422e-01 -6.5687365905e-02 -1.4651048319e-02 3.1282357784e-02 7.0707145649e-02 1.0368944537e-01 1.3088620768e-01 1.5305566011e-01 1.7083925813e-01 1.8471051990e-01 1.9500256265e-01 2.0195277498e-01 2.0573979578e-01 2.0651044058e-01 2.0440054006e-01 1.9955384313e-01 1.9214276892e-01 1.8239489541e-01 1.7062662441e-01 1.5725825333e-01 1.4266243183e-01 1.2669297545e-01 1.0843425897e-01 8.6305697004e-02 5.7813727601e-02 1.9670341349e-02 -2.8982187322e-02 -8.2347938922e-02 -1.3163890452e-01 -1.7042402877e-01 -1.9522579378e-01 -2.0403336092e-01 -1.9488621915e-01 -1.6644704788e-01 -1.2207843135e-01 -7.0289617711e-02 -1.8953808301e-02 2.7512534460e-02 6.7518498723e-02 1.0104291801e-01 1.2871536487e-01 1.5129701536e-01 1.6944334046e-01 1.8364207273e-01 1.9423684141e-01 2.0147181031e-01 2.0552960326e-01 2.0655896938e-01 2.0469597456e-01 2.0008291582e-01 1.9288875107e-01 1.8333493058e-01 1.7172866681e-01 1.5848282572e-01 1.4398936053e-01 1.2816650924e-01 1.1016104565e-01 8.8454270140e-02 6.0647479668e-02 2.3458944587e-02 -2.4407792942e-02 -7.7719781475e-02
4.0293118600e-02 -6.0003194085e-04 -4.9181683193e-02 -9.9485852183e-02 -1.4375312431e-01 -1.7638363841e-01 -1.9440980806e-01 -1.9623577807e-01 -1.8070645518e-01 -1.4806588287e-01 -1.0264262557e-01 -5.2167171982e-02 -3.3723398428e-03 4.0153298274e-02 7.7345666810e-02 1.0845388215e-01 1.3419153028e-01 1.5529036572e-01 1.7232049439e-01 1.8567208539e-01 1.9560466523e-01 2.0229886057e-01 2.0589122384e-01 2.0649610323e-01 2.0422137128e-01 1.9918261573e-01 1.9151892926e-01 1.8141233666e-01 1.6910726750e-01 1.5489710254e-01 1.3896764223e-01 1.2104964856e-01 1.0023554900e-01 7.5049195386e-02 4.3439396988e-02 3.3351700540e-03 -4.4742882776e-02 -9.5215102741e-02 -1.4027759154e-01 -1.7407653022e-01 -1.9345629132e-01 -1.9675321844e-01 -1.8277303824e-01 -1.5153144814e-01 -1.0693907868e-01 -5.6596709026e-02 -7.4658783205e-03 3.6591188893e-02 7.4339916884e-02 1.0595508982e-01 1.3213222612e-01 1.5361169971e-01 1.7098015429e-01 1.8464193814e-01 1.9486575994e-01 2.0183755070e-01 2.0569674849e-01 2.0655899934e-01 2.0453220325e-01 1.9973069577e-01 1.9229078643e-01 1.8238984667e-01 1.7026634819e-01 1.5621235992e-01 1.4043533573e-01 1.2271876069e-01 1.0220885807e-01 7.7478612986e-02 4.6523755705e-02 7.2064385240e-03 -4.0326181682e-02 -9.0905434636e-02
